00000000000000000000000000000000 00001 00000000000000000000000000000000 1 00000000000000000000000000000000 00000000000000000000000000000000 0
00000000000000000000000000000100 00010 11111111111111111111111111111111 1 00000000000000000000000000000000 00000000000000000000000000000000 0
00000000000000000000000000001000 00011 00000000000000000000000000000000 1 00000000000000000000000000000000 00000000000000000000000000000000 0
00000000000000000000000000001100 00100 00000000000000000000000000000000 1 00000000000000000000000000000000 00000000000000000000000000000000 0
00000000000000000000000000010000 00101 00000000000000000000000000000000 1 00000000000000000000000000000000 00000000000000000000000000000000 0
00000000000000000000000000010100 00110 00000000000000000000000000000000 1 00000000000000000000000000000000 00000000000000000000000000000000 0
00000000000000000000000000011000 00111 00000000000000000000000000000000 1 00000000000000000000000000000000 00000000000000000000000000000000 0
00000000000000000000000000011100 00000 00000000000000000000000000000000 0 00000000000000000000000000000000 00000000000000000000000000000000 0
00000000000000000000000000100100 00110 00000000000000000000000000000000 0 00000000000000000000000000000000 00000000000000000000000000000000 0
00000000000000000000000000110000 01000 00000000000000000000000000000000 0 00000000000000000000000000000000 00000000000000000000000000000000 0
00000000000000000000000000110100 00000 00000000000000000000000000000000 1 00000000000000000000000000000000 00000000000000000000000000000000 1
00000000000000000000000000111000 00000 00000000000000000000000000000000 1 00000000000000000000000000000000 00000000000000000000000000000000 0
00000000000000000000000000000000 00001 00000000000000000000000000000000 1 00000000000000000000000000000000 00000000000000000000000000000000 0
00000000000000000000000000000100 00010 11111111111111111111111111111111 1 00000000000000000000000000000000 00000000000000000000000000000000 0
00000000000000000000000000001000 00011 00000000000000000000000000000000 1 00000000000000000000000000000000 00000000000000000000000000000000 0
00000000000000000000000000001100 00100 00000000000000000000000000000000 1 00000000000000000000000000000000 00000000000000000000000000000000 0
00000000000000000000000000010000 00101 00000000000000000000000000000000 1 00000000000000000000000000000000 00000000000000000000000000000000 0
00000000000000000000000000010100 00110 00000000000000000000000000000000 1 00000000000000000000000000000000 00000000000000000000000000000000 0
00000000000000000000000000011000 00111 00000000000000000000000000000000 1 00000000000000000000000000000000 00000000000000000000000000000000 0
00000000000000000000000000011100 00000 00000000000000000000000000000000 0 00000000000000000000000000000000 00000000000000000000000000000000 0
00000000000000000000000000100100 00110 00000000000000000000000000000000 0 00000000000000000000000000000000 00000000000000000000000000000000 0
00000000000000000000000000110000 01000 00000000000000000000000000000000 0 00000000000000000000000000000000 00000000000000000000000000000000 0
00000000000000000000000000110100 00000 00000000000000000000000000000000 1 00000000000000000000000000000000 00000000000000000000000000000000 1
00000000000000000000000000111000 00000 00000000000000000000000000000000 1 00000000000000000000000000000000 00000000000000000000000000000000 0
00000000000000000000000000000000 00001 00000000000000000000000000000000 1 00000000000000000000000000000000 00000000000000000000000000000000 0
00000000000000000000000000000100 00010 11111111111111111111111111111111 1 00000000000000000000000000000000 00000000000000000000000000000000 0
00000000000000000000000000001000 00011 00000000000000000000000000000000 1 00000000000000000000000000000000 00000000000000000000000000000000 0
00000000000000000000000000001100 00100 00000000000000000000000000000000 1 00000000000000000000000000000000 00000000000000000000000000000000 0
00000000000000000000000000010000 00101 00000000000000000000000000000000 1 00000000000000000000000000000000 00000000000000000000000000000000 0
00000000000000000000000000010100 00110 00000000000000000000000000000000 1 00000000000000000000000000000000 00000000000000000000000000000000 0
00000000000000000000000000011000 00111 00000000000000000000000000000000 1 00000000000000000000000000000000 00000000000000000000000000000000 0
00000000000000000000000000011100 00000 00000000000000000000000000000000 0 00000000000000000000000000000000 00000000000000000000000000000000 0
00000000000000000000000000100100 00110 00000000000000000000000000000000 0 00000000000000000000000000000000 00000000000000000000000000000000 0
00000000000000000000000000110000 01000 00000000000000000000000000000000 0 00000000000000000000000000000000 00000000000000000000000000000000 0
00000000000000000000000000110100 00000 00000000000000000000000000000000 1 00000000000000000000000000000000 00000000000000000000000000000000 1
00000000000000000000000000111000 00000 00000000000000000000000000000000 1 00000000000000000000000000000000 00000000000000000000000000000000 0
00000000000000000000000000000000 00001 00000000000000000000000000000000 1 00000000000000000000000000000000 00000000000000000000000000000000 0
00000000000000000000000000000100 00010 11111111111111111111111111111111 1 00000000000000000000000000000000 00000000000000000000000000000000 0
00000000000000000000000000001000 00011 00000000000000000000000000000000 1 00000000000000000000000000000000 00000000000000000000000000000000 0
00000000000000000000000000001100 00100 00000000000000000000000000000000 1 00000000000000000000000000000000 00000000000000000000000000000000 0
00000000000000000000000000010000 00101 00000000000000000000000000000000 1 00000000000000000000000000000000 00000000000000000000000000000000 0
00000000000000000000000000010100 00110 00000000000000000000000000000000 1 00000000000000000000000000000000 00000000000000000000000000000000 0
00000000000000000000000000011000 00111 00000000000000000000000000000000 1 00000000000000000000000000000000 00000000000000000000000000000000 0
00000000000000000000000000011100 00000 00000000000000000000000000000000 0 00000000000000000000000000000000 00000000000000000000000000000000 0
00000000000000000000000000100100 00110 00000000000000000000000000000000 0 00000000000000000000000000000000 00000000000000000000000000000000 0
00000000000000000000000000110000 01000 00000000000000000000000000000000 0 00000000000000000000000000000000 00000000000000000000000000000000 0
00000000000000000000000000110100 00000 00000000000000000000000000000000 1 00000000000000000000000000000000 00000000000000000000000000000000 1
00000000000000000000000000111000 00000 00000000000000000000000000000000 1 00000000000000000000000000000000 00000000000000000000000000000000 0
00000000000000000000000000000000 00001 00000000000000000000000000000000 1 00000000000000000000000000000000 00000000000000000000000000000000 0
00000000000000000000000000000100 00010 11111111111111111111111111111111 1 00000000000000000000000000000000 00000000000000000000000000000000 0
00000000000000000000000000001000 00011 00000000000000000000000000000000 1 00000000000000000000000000000000 00000000000000000000000000000000 0
00000000000000000000000000001100 00100 00000000000000000000000000000000 1 00000000000000000000000000000000 00000000000000000000000000000000 0
00000000000000000000000000010000 00101 00000000000000000000000000000000 1 00000000000000000000000000000000 00000000000000000000000000000000 0
00000000000000000000000000010100 00110 00000000000000000000000000000000 1 00000000000000000000000000000000 00000000000000000000000000000000 0
00000000000000000000000000011000 00111 00000000000000000000000000000000 1 00000000000000000000000000000000 00000000000000000000000000000000 0
00000000000000000000000000011100 00000 00000000000000000000000000000000 0 00000000000000000000000000000000 00000000000000000000000000000000 0
00000000000000000000000000100100 00110 00000000000000000000000000000000 0 00000000000000000000000000000000 00000000000000000000000000000000 0
00000000000000000000000000110000 01000 00000000000000000000000000000000 0 00000000000000000000000000000000 00000000000000000000000000000000 0
00000000000000000000000000110100 00000 00000000000000000000000000000000 1 00000000000000000000000000000000 00000000000000000000000000000000 1
00000000000000000000000000111000 00000 00000000000000000000000000000000 1 00000000000000000000000000000000 00000000000000000000000000000000 0
00000000000000000000000000000000 00001 00000000000000000000000000000000 1 00000000000000000000000000000000 00000000000000000000000000000000 0
00000000000000000000000000000100 00010 11111111111111111111111111111111 1 00000000000000000000000000000000 00000000000000000000000000000000 0
00000000000000000000000000001000 00011 00000000000000000000000000000000 1 00000000000000000000000000000000 00000000000000000000000000000000 0
00000000000000000000000000001100 00100 00000000000000000000000000000000 1 00000000000000000000000000000000 00000000000000000000000000000000 0
00000000000000000000000000010000 00101 00000000000000000000000000000000 1 00000000000000000000000000000000 00000000000000000000000000000000 0
00000000000000000000000000010100 00110 00000000000000000000000000000000 1 00000000000000000000000000000000 00000000000000000000000000000000 0
00000000000000000000000000011000 00111 00000000000000000000000000000000 1 00000000000000000000000000000000 00000000000000000000000000000000 0
00000000000000000000000000011100 00000 00000000000000000000000000000000 0 00000000000000000000000000000000 00000000000000000000000000000000 0
00000000000000000000000000100100 00110 00000000000000000000000000000000 0 00000000000000000000000000000000 00000000000000000000000000000000 0
00000000000000000000000000110000 01000 00000000000000000000000000000000 0 00000000000000000000000000000000 00000000000000000000000000000000 0
00000000000000000000000000110100 00000 00000000000000000000000000000000 1 00000000000000000000000000000000 00000000000000000000000000000000 1
00000000000000000000000000111000 00000 00000000000000000000000000000000 1 00000000000000000000000000000000 00000000000000000000000000000000 0
00000000000000000000000000000000 00001 00000000000000000000000000000000 1 00000000000000000000000000000000 00000000000000000000000000000000 0
00000000000000000000000000000100 00010 11111111111111111111111111111111 1 00000000000000000000000000000000 00000000000000000000000000000000 0
00000000000000000000000000001000 00011 00000000000000000000000000000000 1 00000000000000000000000000000000 00000000000000000000000000000000 0
00000000000000000000000000001100 00100 00000000000000000000000000000000 1 00000000000000000000000000000000 00000000000000000000000000000000 0
00000000000000000000000000010000 00101 00000000000000000000000000000000 1 00000000000000000000000000000000 00000000000000000000000000000000 0
00000000000000000000000000010100 00110 00000000000000000000000000000000 1 00000000000000000000000000000000 00000000000000000000000000000000 0
00000000000000000000000000011000 00111 00000000000000000000000000000000 1 00000000000000000000000000000000 00000000000000000000000000000000 0
00000000000000000000000000011100 00000 00000000000000000000000000000000 0 00000000000000000000000000000000 00000000000000000000000000000000 0
00000000000000000000000000100100 00110 00000000000000000000000000000000 0 00000000000000000000000000000000 00000000000000000000000000000000 0
00000000000000000000000000110000 01000 00000000000000000000000000000000 0 00000000000000000000000000000000 00000000000000000000000000000000 0
00000000000000000000000000110100 00000 00000000000000000000000000000000 1 00000000000000000000000000000000 00000000000000000000000000000000 1
00000000000000000000000000111000 00000 00000000000000000000000000000000 1 00000000000000000000000000000000 00000000000000000000000000000000 0
00000000000000000000000000000000 00001 00000000000000000000000000000000 1 00000000000000000000000000000000 00000000000000000000000000000000 0
00000000000000000000000000000100 00010 11111111111111111111111111111111 1 00000000000000000000000000000000 00000000000000000000000000000000 0
00000000000000000000000000001000 00011 00000000000000000000000000000000 1 00000000000000000000000000000000 00000000000000000000000000000000 0
00000000000000000000000000001100 00100 00000000000000000000000000000000 1 00000000000000000000000000000000 00000000000000000000000000000000 0
00000000000000000000000000010000 00101 00000000000000000000000000000000 1 00000000000000000000000000000000 00000000000000000000000000000000 0
00000000000000000000000000010100 00110 00000000000000000000000000000000 1 00000000000000000000000000000000 00000000000000000000000000000000 0
00000000000000000000000000011000 00111 00000000000000000000000000000000 1 00000000000000000000000000000000 00000000000000000000000000000000 0
00000000000000000000000000011100 00000 00000000000000000000000000000000 0 00000000000000000000000000000000 00000000000000000000000000000000 0
00000000000000000000000000100100 00110 00000000000000000000000000000000 0 00000000000000000000000000000000 00000000000000000000000000000000 0
00000000000000000000000000110000 01000 00000000000000000000000000000000 0 00000000000000000000000000000000 00000000000000000000000000000000 0
00000000000000000000000000110100 00000 00000000000000000000000000000000 1 00000000000000000000000000000000 00000000000000000000000000000000 1
00000000000000000000000000111000 00000 00000000000000000000000000000000 1 00000000000000000000000000000000 00000000000000000000000000000000 0
00000000000000000000000000000000 00001 00000000000000000000000000000000 1 00000000000000000000000000000000 00000000000000000000000000000000 0
00000000000000000000000000000100 00010 11111111111111111111111111111111 1 00000000000000000000000000000100 00000000000000000000000000000000 0
00000000000000000000000000001000 00011 00000000000000000000000000000100 1 11111111111111111111111111111111 00000000000000000000000000000000 0
00000000000000000000000000001100 00100 11111111111111111111111111111111 1 00000000000000000000000000000001 00000000000000000000000000000000 0
00000000000000000000000000010000 00101 00000000000000000000000000000001 1 00000000000000000000000000000000 00000000000000000000000000000000 0
00000000000000000000000000010100 00110 00000000000000000000000000000000 1 11111111111111111111111111111111 00000000000000000000000000000000 0
00000000000000000000000000011000 00111 11111111111111111111111111111111 1 00000000000000000000000000000000 00000000000000000000000000000000 0
00000000000000000000000000011100 00000 00000000000000000000000000000000 0 00000000000000000000000000000000 00000000000000000000000000000000 0
00000000000000000000000000100100 00110 00000000000000000000000000000000 0 00000000000000000000000000000000 00000000000000000000000000000000 0
00000000000000000000000000110000 01000 00000000000000000000000000000000 0 00000000000000000000000000001000 00000000000000000000000000000000 0
00000000000000000000000000110100 00000 00000000000000000000000000001000 1 00000000000000000000000000010000 00000000000000000000000000000000 1
00000000000000000000000000111000 00000 00000000000000000000000000010000 1 00000000000000000000000000100000 00000000000000000000000000000000 0
